in = 0.000000e+00
mid = 0.000000e+00
